{
  "advancedEditorSelectedIdentifier" : "BehaviorsPluginID",
  "openSceneRelativePaths" : [
    "Scene.usda"
  ],
  "recentIdentifiers" : {
    "D66134B1-3681-4A8E-AFE5-29F257229F3B" : [

    ]
  },
  "sceneCameraHistory" : {
    "1D572CEB-057A-41C3-B575-04C37501A3C0" : [
      {
        "date" : 747526321.178665,
        "title" : "Untitled",
        "transform" : [
          1,
          0,
          0,
          0,
          0,
          0.7071069,
          -0.70710677,
          0,
          0,
          0.70710677,
          0.7071069,
          0,
          0.080917895,
          1.8931589,
          1.7644222,
          1
        ]
      }
    ],
    "D66134B1-3681-4A8E-AFE5-29F257229F3B" : [
      {
        "date" : 747561300.188783,
        "title" : "Untitled",
        "transform" : [
          0.78831744,
          1.622087e-08,
          0.6152688,
          0,
          0.11186473,
          0.98333293,
          -0.14332749,
          0,
          -0.605014,
          0.18181439,
          0.7751784,
          0,
          -0.17380486,
          0.23793776,
          0.35875022,
          1
        ]
      },
      {
        "date" : 747561291.192648,
        "title" : "Untitled",
        "transform" : [
          0.9828916,
          1.6402806e-08,
          0.1841851,
          0,
          0.0236149,
          0.9917467,
          -0.12601951,
          0,
          -0.18266493,
          0.12821299,
          0.9747794,
          0,
          -0.017325422,
          0.2226475,
          0.3359277,
          1
        ]
      },
      {
        "date" : 747542089.74403,
        "title" : "Untitled",
        "transform" : [
          0.7554936,
          1.4501053e-08,
          0.6551559,
          0,
          0.26402974,
          0.91519874,
          -0.3044662,
          0,
          -0.5995978,
          0.4030029,
          0.6914268,
          0,
          -0.1344611,
          0.3077121,
          0.22350156,
          1
        ]
      },
      {
        "date" : 747542084.572052,
        "title" : "Untitled",
        "transform" : [
          0.9988096,
          1.8033218e-08,
          -0.04878114,
          0,
          -0.011509472,
          0.97176754,
          -0.23565955,
          0,
          0.04740394,
          0.23594035,
          0.9706106,
          0,
          -0.016453639,
          0.25648922,
          0.54161763,
          1
        ]
      },
      {
        "date" : 747541865.346541,
        "title" : "Untitled",
        "transform" : [
          0.9977581,
          1.7932399e-08,
          -0.06692511,
          0,
          -0.02313978,
          0.9383245,
          -0.34498078,
          0,
          0.06279747,
          0.34575588,
          0.93622077,
          0,
          -0.013607591,
          0.2872098,
          0.50679946,
          1
        ]
      },
      {
        "date" : 747536606.822165,
        "title" : "Untitled",
        "transform" : [
          0.6610649,
          1.792961e-08,
          0.7503288,
          0,
          0.20330295,
          0.9625929,
          -0.17911679,
          0,
          -0.72226113,
          0.27095178,
          0.6363364,
          0,
          -0.3573694,
          0.19587667,
          0.28137994,
          1
        ]
      },
      {
        "date" : 747532687.528086,
        "title" : "Untitled",
        "transform" : [
          0.99982154,
          1.640429e-08,
          -0.018894674,
          0,
          -0.005584193,
          0.9553299,
          -0.29548886,
          0,
          0.018050672,
          0.29554152,
          0.9551593,
          0,
          -0.032759417,
          0.3426596,
          0.54025483,
          1
        ]
      },
      {
        "date" : 747526524.599445,
        "title" : "Untitled",
        "transform" : [
          0.99982154,
          1.640429e-08,
          -0.018894674,
          0,
          -0.005584193,
          0.9553299,
          -0.29548886,
          0,
          0.018050674,
          0.29554155,
          0.9551594,
          0,
          -0.02766271,
          0.4261073,
          0.8099489,
          1
        ]
      },
      {
        "date" : 747526505.645453,
        "title" : "Untitled",
        "transform" : [
          0.99364597,
          1.641435e-08,
          -0.11255015,
          0,
          -0.028947664,
          0.96635884,
          -0.2555634,
          0,
          0.108763866,
          0.25719756,
          0.96021867,
          0,
          0.04785648,
          0.3940031,
          0.8076314,
          1
        ]
      },
      {
        "date" : 747526501.583347,
        "title" : "Untitled",
        "transform" : [
          0.73647636,
          1.6961588e-08,
          -0.6764632,
          0,
          -0.13461074,
          0.98000115,
          -0.14655285,
          0,
          0.6629347,
          0.19899186,
          0.7217477,
          0,
          0.49559528,
          0.34515798,
          0.5695518,
          1
        ]
      }
    ]
  },
  "sceneViewportBackgroundColors" : {

  },
  "selectedSceneRelativePath" : "Scene.usda"
}